18.177,0.189,1,0.391
3.480,0.216,0,0.000
28.377,0.216,1,0.684
21.198,0.220,1,0.373
10.924,0.296,1,0.264
0.598,0.343,1,0.157
15.554,0.351,1,0.416
25.694,0.353,2,0.613
9.600,0.396,1,0.447
6.695,0.445,1,0.465
20.035,0.491,1,0.219
30.223,0.512,1,0.728
23.016,0.525,1,0.395
12.764,0.537,1,0.369
17.241,0.597,2,0.511
27.470,0.627,2,0.537
2.448,0.645,1,0.369
11.473,0.734,0,0.000
21.841,0.762,0,0.197
8.585,0.762,1,0.370
7.012,0.778,1,0.532
14.606,0.799,1,0.554
24.790,0.868,1,0.474
29.292,0.880,2,0.716
4.331,0.905,1,0.396
19.093,0.914,2,0.291
13.247,0.997,1,0.146
23.671,1.079,1,0.718
8.896,1.093,1,0.513
16.442,1.097,0,0.473
26.571,1.116,1,0.568
6.018,1.168,1,0.531
1.792,1.223,1,0.373
20.967,1.235,2,0.462
15.123,1.299,1,0.376
28.394,1.315,1,0.638
12.232,1.331,1,0.618
10.758,1.360,1,0.524
25.493,1.384,1,0.509
18.259,1.392,1,0.542
0.418,1.404,0,0.000
22.675,1.449,2,0.705
6.504,1.462,1,0.296
7.898,1.497,1,0.759
3.647,1.532,1,0.403
30.198,1.560,1,0.633
17.002,1.612,1,0.571
12.605,1.612,1,0.202
20.002,1.656,1,0.591
27.295,1.681,1,0.895
14.139,1.687,2,0.549
2.250,1.706,1,0.014
9.767,1.767,1,0.500
24.519,1.783,2,1.000
8.386,1.801,1,0.462
5.512,1.840,1,0.580
18.852,1.935,1,0.425
29.060,1.956,1,0.867
4.111,1.959,1,0.305
16.015,2.001,2,0.521
21.845,2.005,1,0.760
11.613,2.035,1,0.613
26.339,2.068,2,1.000
10.258,2.077,1,0.491
7.369,2.166,1,0.633
20.669,2.183,1,0.960
5.907,2.238,1,0.623
23.668,2.262,1,0.692
13.468,2.292,1,0.608
1.620,2.294,1,0.410
17.884,2.323,1,0.678
28.153,2.379,2,0.883
3.126,2.388,1,0.693
12.091,2.390,1,0.207
25.382,2.441,1,0.530
9.241,2.478,1,0.574
22.514,2.481,1,0.749
7.756,2.544,1,0.570
15.290,2.548,1,0.568
29.948,2.624,2,0.938
19.740,2.653,2,0.699
4.946,2.661,1,0.509
0.610,2.701,1,0.451
13.953,2.728,1,0.617
27.226,2.753,1,0.575
11.092,2.774,1,0.731
17.133,2.823,1,0.456
24.356,2.827,1,0.952
9.605,2.833,1,0.512
21.534,2.882,2,0.612
5.322,2.893,1,0.284
6.765,2.949,1,0.567
2.473,3.022,1,0.479
15.808,3.023,1,0.619
18.825,3.060,1,0.607
29.038,3.064,1,0.633
12.950,3.096,1,0.760
11.453,3.102,1,0.557
26.151,3.127,1,0.912
1.118,3.176,1,0.019
23.373,3.183,2,1.000
7.174,3.208,1,0.547
8.622,3.230,1,0.714
4.314,3.273,1,0.642
17.681,3.335,1,0.657
13.297,3.342,1,0.279
20.719,3.371,1,0.766
27.966,3.403,0,0.252
2.966,3.449,0,0.000
9.047,3.508,1,0.496
10.479,3.515,1,0.548
25.184,3.515,2,0.966
15.073,3.570,1,0.428
0.148,3.579,0,0.000
6.167,3.584,1,0.589
22.491,3.610,1,0.591
19.506,3.613,0,0.220
29.732,3.681,1,0.857
4.809,3.748,1,0.265
27.046,3.784,2,0.959
12.326,3.786,1,0.635
10.898,3.825,1,0.707
8.034,3.891,1,0.669
16.920,3.891,2,0.902
21.321,3.903,1,0.754
2.027,3.905,1,0.420
24.229,3.916,1,0.642
6.620,3.987,0,0.377
14.170,4.039,1,0.621
28.766,4.042,2,1.000
18.623,4.062,2,0.234
12.752,4.129,1,0.690
26.078,4.178,1,0.648
9.894,4.191,1,0.693
23.192,4.224,1,0.746
4.010,4.263,2,0.130
15.929,4.275,1,0.664
8.471,4.318,1,0.660
1.306,4.326,1,0.409
30.604,4.345,2,0.862
20.520,4.394,2,0.621
27.939,4.475,1,0.577
14.628,4.477,1,0.744
11.744,4.515,1,0.565
24.987,4.516,0,0.056
10.327,4.592,1,0.562
17.743,4.598,1,0.557
22.224,4.609,2,0.852
5.959,4.625,1,0.438
3.100,4.678,1,0.586
29.703,4.682,1,0.546
7.466,4.685,1,0.622
16.454,4.765,1,0.891
26.783,4.815,1,0.999
19.533,4.827,1,0.741
13.614,4.831,1,0.795
12.162,4.855,0,0.197
24.069,4.892,2,0.991
7.843,4.942,2,0.897
1.877,4.973,0,0.000
9.334,4.977,1,0.759
4.979,5.035,1,0.544
18.333,5.043,1,0.678
21.372,5.056,1,0.746
13.971,5.082,1,0.609
28.600,5.110,1,0.896
25.850,5.184,2,0.917
15.473,5.189,2,0.549
3.675,5.237,1,0.275
11.164,5.242,1,0.574
9.710,5.274,1,0.777
23.217,5.292,1,0.698
20.130,5.321,1,0.680
6.852,5.346,1,0.530
0.966,5.368,1,0.213
30.413,5.414,1,0.679
17.348,5.435,1,0.492
5.505,5.454,1,0.435
27.666,5.496,2,0.917
12.975,5.540,1,0.700
24.898,5.547,1,0.742
11.576,5.590,1,0.614
21.998,5.644,2,0.998
8.703,5.651,1,0.562
2.735,5.682,1,0.546
7.327,5.713,1,0.635
14.799,5.730,1,0.671
29.450,5.778,2,0.986
19.216,5.796,2,0.238
0.161,5.817,1,0.388
26.782,5.849,1,0.750
13.440,5.899,1,0.612
23.868,5.924,1,0.906
10.575,5.961,1,0.526
16.662,5.963,1,0.474
9.178,6.023,1,0.297
21.085,6.063,2,0.665
4.786,6.097,1,0.402
28.630,6.105,1,0.604
6.349,6.137,1,0.726
2.010,6.145,1,0.444
15.323,6.211,0,0.011
25.680,6.236,1,0.624
18.356,6.247,1,0.527
12.421,6.302,1,0.504
22.895,6.314,2,0.885
11.030,6.324,1,0.063
30.350,6.369,1,0.621
8.188,6.418,1,0.647
6.685,6.420,1,0.634
0.750,6.444,0,0.000
17.148,6.482,1,0.851
3.843,6.518,1,0.530
20.182,6.542,1,0.555
12.780,6.552,1,0.303
27.468,6.581,1,0.261
24.735,6.610,2,0.848
2.514,6.623,0,0.000
10.022,6.711,1,0.560
8.514,6.714,1,0.607
19.007,6.746,0,0.209
22.037,6.762,1,0.713
14.596,6.780,2,0.775
5.681,6.786,1,0.707
29.247,6.867,1,0.383
4.320,6.886,0,0.399
26.574,6.913,2,0.834
11.843,6.986,1,0.405
10.402,7.008,1,0.763
23.764,7.009,1,0.308
16.440,7.024,1,0.705
20.817,7.062,1,0.991
7.539,7.145,1,0.660
1.788,7.156,1,0.262
18.128,7.196,2,0.137
6.161,7.199,1,0.664
28.357,7.216,2,0.762
13.622,7.232,1,0.561
25.591,7.305,1,0.304
3.425,7.314,1,0.302
12.278,7.318,0,0.077
22.704,7.367,1,1.000
9.379,7.382,1,0.582
19.830,7.413,2,0.492
8.034,7.467,1,0.705
30.157,7.497,2,0.731
15.452,7.498,1,0.406
14.098,7.559,1,0.559
0.844,7.581,1,0.480
27.448,7.598,1,0.674
11.292,7.662,1,0.679
24.563,7.664,1,0.995
17.279,7.704,1,0.609
9.887,7.766,1,0.138
21.766,7.774,2,0.659
5.488,7.825,1,0.462
15.960,7.846,1,0.500
29.261,7.847,1,0.561
2.712,7.874,1,0.430
7.051,7.883,1,0.644
13.053,7.930,0,0.349
26.429,7.945,1,0.266
19.126,7.945,1,0.662
23.601,8.057,2,0.878
8.900,8.166,1,0.535
17.835,8.167,1,0.977
4.470,8.177,1,0.558
1.491,8.187,0,0.000
20.865,8.209,1,0.668
14.957,8.246,1,0.467
28.193,8.275,0,0.001
13.472,8.279,0,0.000
25.446,8.346,2,0.897
3.276,8.414,1,0.225
19.665,8.467,1,0.869
6.401,8.501,1,0.555
22.709,8.507,1,0.626
0.605,8.615,2,0.463
29.959,8.617,1,0.512
27.274,8.625,2,0.959
5.100,8.661,1,0.849
11.047,8.677,1,0.588
17.114,8.766,1,0.877
24.518,8.770,1,0.679
8.158,8.770,1,0.622
21.510,8.788,1,0.923
2.431,8.920,2,0.325
29.051,8.938,2,0.759
6.954,8.970,1,0.533
12.893,8.976,1,0.327
14.398,8.992,1,0.393
18.968,9.013,2,0.738
26.359,9.037,1,0.450
10.060,9.096,1,0.643
23.353,9.098,1,0.888
16.145,9.149,1,0.521
4.199,9.158,2,0.160
8.811,9.252,0,0.028
20.769,9.268,2,0.760
28.171,9.293,1,0.591
14.779,9.301,1,0.730
1.499,9.328,1,0.474
11.905,9.386,1,0.529
25.213,9.387,1,1.000
18.011,9.442,1,0.702
10.560,9.490,0,0.000
6.134,9.517,2,0.399
22.586,9.553,2,0.774
29.984,9.580,1,0.435
16.642,9.616,1,0.846
3.328,9.618,1,0.599
0.420,9.683,0,0.000
13.767,9.683,1,0.648
27.047,9.689,1,0.861
19.828,9.712,1,0.717
12.357,9.759,0,0.000
24.266,9.795,2,0.626
7.960,9.806,2,0.585
2.179,9.877,0,0.000
5.167,9.924,1,0.601
18.491,9.933,1,0.900
14.196,9.946,0,0.012
21.630,9.970,1,0.536
15.637,9.998,1,0.579
28.872,10.046,1,0.758
9.819,10.086,2,0.362
26.114,10.090,2,0.779
4.016,10.189,1,0.538
20.333,10.229,1,0.874
7.004,10.231,1,0.758
23.420,10.262,1,0.555
17.486,10.312,1,0.652
30.718,10.314,0,0.000
1.305,10.357,2,0.775
13.310,10.370,1,0.339
27.932,10.401,2,0.701
11.711,10.433,1,0.716
5.878,10.469,1,0.627
17.878,10.505,1,0.577
25.232,10.530,1,0.726
22.176,10.532,1,0.793
8.856,10.537,1,0.534
19.343,10.607,1,0.478
15.058,10.619,1,0.618
3.098,10.648,2,0.662
29.804,10.683,2,0.911
13.577,10.747,1,0.579
7.715,10.755,1,0.533
27.048,10.787,1,0.566
0.324,10.805,1,0.423
24.021,10.806,1,0.570
10.721,10.829,1,0.562
16.888,10.890,1,0.645
4.972,10.951,2,0.670
9.524,10.971,1,0.533
21.420,11.040,2,0.764
15.451,11.063,1,0.884
2.152,11.066,1,0.758
28.890,11.088,1,0.429
25.884,11.106,0,0.173
12.574,11.131,1,0.581
18.759,11.159,1,0.652
11.321,11.166,1,0.511
6.771,11.223,2,0.215
23.185,11.286,2,0.269
17.318,11.368,1,0.746
4.013,11.370,1,0.637
1.128,11.381,0,0.134
30.727,11.387,1,0.594
13.132,11.415,1,0.244
27.677,11.426,0,0.032
20.456,11.427,1,0.609
14.438,11.434,1,0.684
8.625,11.523,2,0.283
25.115,11.608,1,0.229
2.927,11.643,1,0.544
14.923,11.663,1,0.347
19.164,11.670,1,0.887
5.840,11.721,1,0.567
29.570,11.742,1,0.758
16.298,11.744,1,0.661
22.291,11.752,1,0.634
26.691,11.769,1,0.503
0.172,11.824,1,0.622
12.130,11.838,1,0.721
10.524,11.881,2,0.584
4.753,11.943,1,0.464
16.758,11.949,1,0.778
7.674,11.974,1,0.590
21.007,11.984,1,0.590
24.154,12.041,1,0.543
18.168,12.057,1,0.709
13.953,12.087,1,0.745
1.973,12.110,2,0.792
28.655,12.120,2,0.541
12.393,12.202,1,0.753
18.595,12.213,1,0.702
6.587,12.222,1,0.323
22.824,12.242,1,0.755
9.545,12.276,1,0.597
26.048,12.284,1,0.539
19.999,12.346,1,0.711
15.771,12.352,1,0.620
3.832,12.402,2,0.832
30.460,12.452,2,0.839
24.673,12.488,1,0.434
14.264,12.499,1,0.749
8.440,12.503,1,0.045
0.989,12.511,1,0.498
20.386,12.516,1,0.781
27.741,12.546,1,0.757
11.386,12.578,1,0.629
17.613,12.631,1,0.666
5.646,12.670,1,0.569
10.166,12.706,0,0.024
2.834,12.798,1,0.718
16.130,12.808,1,0.685
26.545,12.809,1,0.805
22.164,12.822,2,0.875
29.586,12.855,1,0.522
13.256,12.871,1,0.647
11.965,12.907,1,0.607
19.431,12.936,1,0.579
7.478,12.990,2,0.770
4.734,13.075,1,0.629
23.992,13.092,2,0.853
18.006,13.127,1,0.476
1.842,13.138,1,0.579
28.408,13.146,1,0.846
13.797,13.168,1,0.522
15.108,13.172,1,0.718
21.212,13.261,1,0.532
9.353,13.301,2,0.613
25.824,13.336,2,0.896
6.483,13.374,1,0.682
19.815,13.410,1,0.562
3.652,13.422,1,0.570
15.645,13.452,1,0.720
30.235,13.463,0,0.125
16.986,13.478,1,0.583
23.017,13.513,1,0.477
0.871,13.552,2,0.887
11.170,13.612,2,0.780
27.605,13.616,2,0.688
21.661,13.652,0,0.092
8.358,13.696,1,0.389
5.456,13.702,1,0.331
17.495,13.722,1,0.805
24.850,13.781,1,0.746
18.794,13.811,1,0.488
2.679,13.843,2,0.834
29.355,13.853,2,0.663
13.050,13.923,2,0.669
23.482,13.956,1,0.826
7.304,13.981,1,0.244
19.333,14.019,1,0.624
20.693,14.031,1,0.521
10.207,14.049,1,0.458
26.677,14.059,1,0.547
4.512,14.130,2,0.924
16.514,14.151,1,0.607
9.082,14.181,0,0.000
1.660,14.188,1,0.631
14.928,14.221,1,0.934
25.357,14.248,1,0.883
21.122,14.287,0,0.000
12.053,14.289,1,0.692
22.438,14.296,1,0.456
28.493,14.350,1,0.582
6.338,14.413,2,0.857
18.358,14.430,1,0.419
10.867,14.513,1,0.357
3.531,14.521,1,0.768
16.815,14.534,1,0.834
27.217,14.557,0,0.048
22.892,14.577,1,0.741
13.905,14.583,1,0.524
0.697,14.605,1,0.470
30.322,14.605,1,0.536
24.330,14.627,1,0.574
8.211,14.705,2,0.832
12.688,14.705,1,0.871
20.211,14.723,1,0.408
5.337,14.816,1,0.702
29.056,14.846,1,0.760
24.745,14.859,1,0.550
15.772,14.882,1,0.674
2.567,14.911,1,0.173
14.538,14.953,1,0.868
9.969,14.968,2,0.359
21.904,14.976,1,0.364
20.433,15.101,1,0.388
7.182,15.115,1,0.591
26.547,15.152,1,0.669
17.677,15.153,1,0.507
4.318,15.159,0,0.000
16.384,15.216,1,0.859
23.765,15.267,1,0.594
1.544,15.271,2,0.813
11.811,15.294,2,0.564
22.301,15.359,1,0.275
9.090,15.401,1,0.582
6.147,15.427,1,0.617
28.368,15.436,1,0.896
18.232,15.505,1,0.864
19.437,15.519,1,0.451
25.592,15.579,1,0.624
3.377,15.588,2,0.938
13.714,15.617,2,0.719
0.532,15.624,1,0.621
30.142,15.651,2,0.823
8.026,15.674,1,0.293
24.136,15.683,1,0.564
10.839,15.687,1,0.585
21.323,15.760,1,0.484
20.006,15.790,0,0.000
5.166,15.866,2,0.862
27.399,15.866,1,0.549
15.604,15.930,2,0.870
9.783,15.940,0,0.000
2.385,15.951,1,0.644
26.020,15.967,1,0.828
12.720,16.011,1,0.733
23.106,16.013,1,0.503
21.810,16.043,0,0.000
29.199,16.114,1,0.711
7.016,16.133,2,0.806
19.101,16.159,1,0.869
17.506,16.207,2,0.625
11.576,16.215,0,0.000
27.877,16.287,1,0.915
4.181,16.301,1,0.481
14.594,16.314,1,0.704
1.420,16.335,1,0.612
23.656,16.337,1,0.747
25.008,16.350,1,0.649
20.866,16.406,1,0.460
8.872,16.406,2,0.855
13.368,16.456,1,0.643
6.012,16.553,1,0.655
3.213,16.568,0,0.139
16.468,16.597,1,0.573
29.720,16.601,1,0.913
25.458,16.641,1,0.283
26.871,16.666,1,0.727
0.385,16.702,2,0.855
15.240,16.708,1,0.878
10.689,16.716,2,0.775
21.070,16.791,1,0.581
7.872,16.844,1,0.559
4.996,16.848,0,0.030
27.255,16.867,0,0.065
18.362,16.868,1,0.527
28.728,16.969,1,0.684
17.087,16.982,1,0.527
2.242,17.000,2,0.924
12.514,17.038,2,0.468
22.949,17.057,1,0.677
6.861,17.115,1,0.749
9.708,17.132,1,0.601
20.095,17.196,1,0.617
18.888,17.235,0,0.000
4.060,17.242,2,0.910
26.303,17.246,1,0.295
14.379,17.324,2,0.779
8.705,17.358,0,0.000
1.214,17.390,1,0.762
24.841,17.395,1,0.871
21.952,17.453,1,0.568
11.533,17.478,1,0.468
28.129,17.512,0,0.169
20.727,17.536,0,0.000
5.845,17.559,2,0.771
16.260,17.604,2,0.762
10.491,17.655,0,0.010
3.099,17.665,1,0.827
26.705,17.725,1,0.909
13.393,17.729,1,0.765
23.820,17.752,1,0.475
0.260,17.772,1,0.645
29.854,17.786,1,0.546
22.533,17.815,0,0.000
7.709,17.849,2,0.806
18.153,17.887,2,0.504
19.767,17.897,1,0.374
12.321,17.932,0,0.000
4.830,17.959,1,0.601
15.268,18.014,1,0.580
28.548,18.031,1,0.858
2.087,18.033,1,0.704
24.334,18.056,0,0.000
25.698,18.088,1,0.423
9.556,18.143,2,0.945
14.144,18.203,0,0.000
3.907,18.272,1,0.723
6.692,18.277,1,0.638
11.380,18.308,2,0.501
17.146,18.315,1,0.629
26.147,18.337,0,0.000
30.383,18.345,1,0.780
27.550,18.399,1,0.744
23.371,18.422,1,0.460
1.065,18.439,2,0.848
15.939,18.448,1,0.790
21.771,18.508,1,0.589
5.732,18.550,1,0.830
8.537,18.562,1,0.570
19.016,18.577,1,0.698
17.794,18.692,1,0.688
25.200,18.699,1,0.349
2.904,18.711,2,0.904
29.403,18.726,2,0.820
13.198,18.751,2,0.722
23.657,18.816,1,0.891
7.561,18.819,1,0.662
10.427,18.850,1,0.512
20.766,18.858,1,0.486
19.620,18.943,1,0.334
26.979,18.947,1,0.562
4.729,19.002,2,0.910
15.065,19.048,2,0.667
9.367,19.065,1,0.517
1.890,19.110,1,0.702
12.182,19.122,1,0.535
25.523,19.144,1,0.727
22.642,19.194,1,0.523
21.453,19.228,1,0.395
28.737,19.233,1,0.606
6.547,19.304,2,0.825
11.191,19.324,1,0.588
16.923,19.331,2,0.861
3.726,19.411,1,0.785
27.384,19.453,1,0.746
14.073,19.455,1,0.603
23.221,19.479,1,0.449
0.944,19.500,1,0.778
24.515,19.505,1,0.733
8.382,19.525,2,0.838
30.592,19.544,1,0.393
12.999,19.575,1,0.259
18.773,19.608,2,0.869
25.025,19.734,1,0.165
15.938,19.755,1,0.731
2.768,19.764,2,0.892
5.545,19.768,1,0.663
29.230,19.780,1,0.801
26.379,19.825,1,0.661
10.212,19.842,2,0.876
14.816,19.861,1,0.573
20.615,19.913,2,0.718
7.400,20.003,1,0.666
4.593,20.024,1,0.565
26.836,20.029,1,0.390
17.788,20.045,1,0.667
12.042,20.135,2,0.681
28.229,20.147,1,0.712
24.042,20.155,1,0.620
16.648,20.158,1,0.825
1.753,20.165,2,0.911
9.186,20.257,1,0.607
22.486,20.259,2,0.917
28.641,20.306,1,0.623
6.417,20.310,1,0.766
19.625,20.333,1,0.744
13.882,20.420,2,0.521
25.846,20.439,1,0.577
18.494,20.454,1,0.889
3.590,20.464,2,0.931
24.357,20.551,1,0.783
0.743,20.557,1,0.748
11.070,20.561,1,0.579
8.199,20.578,1,0.782
30.446,20.606,1,0.834
21.478,20.627,1,0.616
20.299,20.709,1,0.605
27.648,20.721,1,0.546
5.422,20.736,2,0.973
15.748,20.754,2,0.535
10.033,20.816,1,0.726
2.580,20.849,1,0.688
12.903,20.871,1,0.731
26.220,20.874,1,0.890
23.341,20.915,1,0.586
22.082,20.980,0,0.000
29.454,21.013,1,0.611
7.224,21.037,2,0.938
17.591,21.042,2,0.610
11.849,21.078,1,0.743
4.435,21.128,1,0.748
14.769,21.185,1,0.768
28.089,21.217,1,0.800
1.606,21.222,1,0.937
23.885,21.241,1,0.680
25.205,21.243,1,0.663
9.070,21.296,2,0.827
19.414,21.325,2,0.731
13.679,21.346,1,0.838
6.223,21.401,1,0.945
16.613,21.484,1,0.773
3.436,21.495,1,0.856
25.670,21.511,1,0.686
29.892,21.555,1,0.461
27.067,21.559,1,0.625
10.887,21.564,2,0.831
0.592,21.619,2,0.911
15.508,21.624,1,0.754
21.284,21.655,2,0.818
8.063,21.703,1,0.674
5.286,21.765,1,0.743
18.438,21.771,1,0.700
27.500,21.783,1,0.779
12.719,21.878,2,0.871
2.415,21.902,2,0.897
17.368,21.906,1,0.657
28.898,21.922,1,0.663
23.143,21.954,2,0.738
9.904,21.979,1,0.691
20.279,22.048,1,0.812
7.074,22.057,1,0.540
29.337,22.079,1,0.800
4.247,22.169,2,0.904
14.563,22.173,2,0.786
19.179,22.191,0,0.000
26.533,22.198,1,0.636
30.734,22.227,1,0.473
25.021,22.286,1,0.694
1.401,22.294,1,0.735
11.745,22.302,1,0.734
8.868,22.333,1,0.605
22.144,22.343,1,0.627
20.994,22.449,1,0.690
6.074,22.460,2,0.869
16.414,22.463,2,0.552
28.340,22.478,1,0.553
3.233,22.569,1,0.875
10.679,22.573,1,0.704
26.912,22.599,1,0.756
13.593,22.607,1,0.822
24.003,22.643,1,0.627
0.453,22.687,1,0.832
7.894,22.740,2,0.897
18.252,22.748,2,0.684
22.829,22.775,0,0.000
12.517,22.836,1,0.792
30.169,22.836,1,0.615
5.066,22.854,1,0.619
28.733,22.883,0,0.017
15.432,22.919,1,0.630
2.283,22.950,1,0.899
25.875,22.959,1,0.647
9.718,23.044,2,0.862
24.575,23.054,0,0.000
20.083,23.063,2,0.707
14.357,23.078,1,0.781
6.896,23.148,1,0.837
30.571,23.206,0,0.000
4.124,23.239,1,0.362
27.778,23.239,1,0.642
17.257,23.258,1,0.678
26.398,23.276,1,0.633
11.553,23.325,2,0.883
1.248,23.344,2,0.924
16.179,23.356,1,0.569
21.951,23.372,2,0.850
8.720,23.445,1,0.845
19.093,23.480,1,0.586
5.921,23.485,0,0.000
29.593,23.522,1,0.614
28.259,23.565,1,0.753
18.054,23.573,1,0.367
13.394,23.593,2,0.813
3.073,23.634,2,0.890
25.408,23.638,1,0.584
23.814,23.695,2,0.754
0.229,23.733,1,0.667
10.560,23.735,1,0.817
7.757,23.747,0,0.000
15.188,23.754,2,0.466
20.950,23.767,1,0.673
30.060,23.848,0,0.055
19.870,23.881,0,0.000
4.918,23.905,2,0.883
25.685,24.009,1,0.809
2.062,24.034,1,0.816
12.396,24.042,1,0.655
22.801,24.057,1,0.733
9.568,24.058,1,0.451
17.072,24.106,2,0.071
21.727,24.166,1,0.585
6.740,24.175,2,0.897
27.555,24.276,2,0.965
23.541,24.306,0,0.000
11.380,24.327,0,0.263
3.883,24.335,1,0.729
14.243,24.339,1,0.680
24.670,24.377,1,0.665
1.130,24.385,1,0.830
8.558,24.462,2,0.876
18.918,24.489,2,0.685
29.391,24.548,2,0.944
13.205,24.556,1,0.947
5.722,24.607,1,0.827
16.102,24.633,1,0.577
2.948,24.664,1,0.990
26.545,24.673,1,0.779
25.288,24.708,1,0.720
10.390,24.763,2,0.890
15.050,24.785,1,0.722
20.771,24.803,2,0.815
4.795,24.894,1,0.664
7.554,24.894,1,0.543
17.925,24.897,1,0.599
28.393,24.941,1,0.722
27.142,25.027,1,0.752
24.280,25.042,1,0.775
16.903,25.050,1,0.527
12.221,25.061,2,0.848
1.906,25.063,2,0.952
22.632,25.104,2,0.693
6.624,25.129,1,0.056
19.778,25.182,1,0.657
9.386,25.198,1,0.783
30.253,25.252,1,0.405
18.724,25.294,1,0.278
14.064,25.327,2,0.875
28.929,25.339,1,0.681
3.751,25.356,2,0.904
8.444,25.417,0,0.000
24.500,25.429,2,0.956
11.218,25.478,1,0.704
0.895,25.480,1,0.731
21.637,25.498,1,0.778
30.714,25.574,1,0.452
20.555,25.593,1,0.479
15.911,25.600,2,0.557
5.572,25.617,2,0.841
26.374,25.723,2,0.892
10.254,25.729,0,0.000
13.066,25.769,1,0.654
2.732,25.777,1,0.892
23.491,25.786,1,0.755
22.400,25.859,1,0.598
7.384,25.916,2,0.765
17.755,25.924,2,0.821
28.198,26.004,2,0.948
12.083,26.021,0,0.000
14.920,26.060,1,0.709
4.549,26.069,1,0.628
1.781,26.073,1,0.741
25.368,26.104,1,0.710
24.131,26.127,1,0.401
19.595,26.182,2,0.421
9.225,26.185,2,0.803
13.882,26.278,1,0.597
30.054,26.288,2,0.866
16.759,26.339,1,0.791
3.630,26.348,1,0.900
6.362,26.354,1,0.603
27.206,26.439,1,0.607
25.997,26.450,1,0.859
11.059,26.470,2,0.771
15.750,26.518,1,0.718
0.757,26.525,2,0.904
21.441,26.526,2,0.558
5.470,26.553,1,0.424
8.201,26.630,1,0.612
18.589,26.631,1,0.531
29.055,26.680,1,0.662
27.803,26.754,0,0.000
12.886,26.777,2,0.841
17.603,26.783,1,0.715
2.579,26.804,2,0.840
7.303,26.805,1,0.000
23.304,26.835,2,0.646
10.040,26.926,1,0.751
20.425,26.931,1,0.616
19.455,27.030,1,0.504
29.587,27.043,1,0.213
14.744,27.048,2,0.824
4.417,27.084,2,0.698
9.139,27.098,1,0.053
26.897,27.119,1,0.515
25.196,27.155,2,0.709
11.885,27.215,1,0.858
22.299,27.221,1,0.628
1.560,27.236,1,0.598
6.275,27.260,2,0.411
21.285,27.309,0,0.000
16.582,27.315,2,0.773
10.968,27.441,0,0.000
18.446,27.477,2,0.606
13.720,27.503,1,0.931
24.168,27.522,1,0.660
3.382,27.532,1,0.745
0.613,27.539,1,0.649
8.100,27.549,2,0.214
23.092,27.628,0,0.000
30.436,27.686,1,0.484
28.851,27.731,2,0.775
12.809,27.752,0,0.000
2.479,27.780,1,0.810
26.071,27.790,1,0.731
15.566,27.791,1,0.713
9.970,27.811,2,0.290
5.186,27.861,1,0.678
24.864,27.882,1,0.711
20.260,27.969,2,0.657
14.624,27.988,1,0.684
4.315,28.050,1,0.803
30.726,28.072,1,0.493
27.830,28.078,1,0.654
7.027,28.085,1,0.633
17.399,28.086,1,0.754
26.733,28.149,1,0.376
1.436,28.218,2,0.853
16.445,28.228,1,0.979
11.727,28.239,2,0.583
22.116,28.273,2,0.830
6.152,28.300,1,0.562
8.819,28.358,1,0.472
19.235,28.372,1,0.541
29.714,28.429,1,0.580
13.587,28.435,2,0.360
18.287,28.461,1,0.747
28.518,28.464,0,0.000
3.246,28.532,2,0.911
23.973,28.562,2,0.588
7.987,28.577,1,0.525
0.445,28.652,1,0.712
21.105,28.662,1,0.595
10.688,28.665,1,0.705
20.132,28.715,1,0.310
30.313,28.729,1,0.586
5.103,28.766,2,0.749
15.418,28.769,2,0.793
9.843,28.814,1,0.394
25.833,28.828,2,0.743
2.183,28.925,1,0.541
12.539,28.952,1,0.556
22.962,28.956,1,0.576
17.263,28.977,2,0.366
21.965,28.983,1,0.155
11.694,29.037,1,0.003
6.870,29.079,2,0.579
29.320,29.087,1,0.636
27.680,29.141,2,0.751
4.070,29.224,1,0.752
14.398,29.236,1,0.575
24.829,29.245,1,0.691
1.308,29.258,1,0.839
23.782,29.311,1,0.646
8.710,29.357,2,0.410
13.512,29.372,1,0.463
20.964,29.409,1,0.710
19.072,29.418,2,0.668
29.559,29.478,1,0.566
3.138,29.493,1,0.716
5.809,29.497,1,0.597
10.647,29.515,2,0.490
16.225,29.529,1,0.559
26.678,29.545,1,0.764
25.579,29.603,1,0.715
0.259,29.684,2,0.890
15.323,29.707,0,0.000
22.788,29.723,2,0.691
4.966,29.763,1,0.800
12.479,29.795,2,0.596
7.671,29.822,1,0.624
18.064,29.823,1,0.527
28.537,29.831,1,0.663
27.434,29.861,1,0.300
17.114,29.911,1,0.566
2.079,29.948,2,0.848
6.813,30.009,1,0.757
19.904,30.111,1,0.705
9.506,30.119,1,0.683
30.406,30.120,1,0.316
29.256,30.159,1,0.552
18.960,30.166,1,0.609
24.635,30.236,2,0.450
3.893,30.237,2,0.705
8.661,30.273,1,0.733
14.224,30.306,2,0.605
1.040,30.396,1,0.491
21.760,30.401,1,0.515
11.353,30.412,1,0.558
20.813,30.450,1,0.450
10.515,30.524,1,0.408
5.719,30.525,2,0.597
16.068,30.536,2,0.435
26.485,30.556,2,0.514
2.858,30.673,1,0.435
23.623,30.678,1,0.496
13.208,30.692,1,0.519
0.160,30.694,1,0.433
22.651,30.808,0,0.084
